	0	1	2	3	4	5	6	7	8	9	10	11	12	13	14	15	16	17	18	19	22	23	24	25	27	28	29	31	42	43	44	45	46	48	49	50	51	53	54	56	57	58	61	62	71	72	81	82	83	84	90	91	92	93	95	96	97	99	100	102	103	104	112	113	114	115	116	117	118	119	120	121	122	123	124	125	126	127	128	129	130	131	132	133	134	135	136	137	138	139	140	142	143	144	145	146	147	148	149	150	151	152	153	155	156	157	158	159	161	166	167	171	172	173	174	177	178	179	180	181	182	183	184	185
Moraxellaceae	2	0	0	0	0	0	0	0	0	0	0	0	0	0	0	0	0	0	0	0	0	0	0	0	0	0	0	0	0	0	0	0	0	0	0	0	0	0	0	0	0	0	0	0	0	0	0	0	0	0	0	0	0	0	0	0	0	0	0	0	0	0	0	0	0	0	0	0	0	0	0	0	0	0	0	0	0	0	0	0	0	0	0	0	0	0	0	0	0	0	0	0	0	0	0	0	0	0	0	0	0	0	0	0	0	0	0	0	0	0	0	0	0	0	0	0	0	0	0	0	0	0	0	0
Neisseriaceae	0	0	0	0	0	0	0	0	0	0	0	0	0	0	0	0	0	0	0	0	0	0	0	0	0	0	0	0	0	2	2	0	0	0	0	0	0	0	0	0	0	0	0	0	0	0	0	0	0	0	0	0	0	0	0	0	0	2	0	0	0	0	0	0	0	0	0	0	0	0	0	0	0	0	0	0	2	0	0	0	0	0	0	2	0	0	0	0	0	0	0	0	0	0	0	0	0	0	0	2	0	0	0	0	0	0	0	0	0	0	0	0	0	0	0	0	0	0	0	0	0	0	0	0
Bifidobacteriaceae	0	0	0	0	0	0	0	0	0	0	0	0	0	0	0	0	0	0	0	0	0	0	0	0	0	0	0	0	0	0	0	0	0	0	0	0	0	0	0	0	0	0	0	0	0	0	0	0	0	0	0	0	0	0	0	0	0	0	2	0	0	0	0	0	0	0	2	0	0	0	0	0	0	0	0	0	0	0	0	0	0	0	0	0	0	0	0	0	0	0	0	0	0	0	0	0	0	0	0	0	0	0	0	0	0	0	0	0	0	0	0	0	0	0	0	0	0	0	0	0	0	0	0	0
Methylocystaceae	0	0	0	0	0	0	0	0	0	0	0	0	0	0	0	0	0	0	0	0	0	0	0	0	0	0	0	0	0	0	0	0	0	0	0	0	0	0	0	0	0	0	0	0	0	0	0	0	0	0	0	0	0	0	0	0	0	0	0	0	0	0	0	0	0	0	0	0	0	0	0	0	0	0	0	0	0	0	0	0	2	0	0	0	0	0	0	0	0	0	0	0	0	0	0	0	0	0	0	0	0	0	0	0	0	0	0	0	0	0	0	0	0	0	0	0	0	0	0	0	0	0	0	0
Xanthomonadaceae	0	0	0	0	0	0	0	0	0	0	0	0	0	0	0	0	0	0	0	0	2	0	0	0	0	0	0	0	0	0	0	0	0	0	0	0	0	0	0	0	0	0	0	0	0	0	0	0	0	0	0	0	0	0	0	0	0	0	0	0	0	0	0	0	0	0	0	0	0	0	0	0	0	0	0	0	0	0	0	0	0	0	0	0	0	0	0	0	0	0	0	0	0	0	0	0	0	0	0	0	0	0	0	0	0	0	0	0	0	0	0	0	0	0	0	0	0	0	0	0	0	0	0	0
Bradyrhizobiaceae	0	0	0	0	0	0	0	0	0	0	0	0	0	0	0	0	0	0	0	0	0	0	0	0	0	0	0	0	0	0	0	0	0	0	0	0	0	0	0	0	0	0	0	0	0	0	0	0	0	0	0	0	0	0	0	0	0	0	0	0	0	0	0	0	0	0	0	0	0	0	0	0	0	0	0	0	0	0	0	0	0	0	0	0	0	0	0	2	0	0	0	0	0	0	0	0	0	0	0	0	0	0	0	0	0	0	0	0	0	0	0	0	0	0	0	0	0	0	0	0	0	0	0	0
Flavobacteriaceae	0	0	0	0	0	0	0	0	0	0	0	0	0	0	0	0	0	0	0	0	0	0	0	0	0	0	0	0	0	0	0	0	0	0	0	0	0	0	0	0	0	0	0	0	0	0	0	0	0	0	0	0	0	0	0	0	0	0	0	0	0	0	0	0	0	0	0	0	0	0	0	0	0	0	0	0	0	0	0	0	0	0	0	0	0	0	0	0	0	0	0	0	0	0	0	0	0	0	0	0	0	0	0	0	0	0	0	0	0	0	0	0	0	0	0	0	0	0	0	0	0	0	0	2
Rhodocyclaceae	0	0	0	0	0	0	0	0	0	0	0	0	0	0	0	0	0	0	0	0	0	0	0	0	0	0	0	0	0	0	0	0	0	0	0	0	0	0	0	0	0	0	0	0	0	0	0	0	0	0	0	0	0	2	0	0	0	0	0	0	0	0	0	0	0	0	0	0	0	0	0	0	0	0	0	0	0	0	0	0	0	0	0	0	0	0	0	0	0	0	0	0	0	0	0	0	0	0	0	0	0	0	0	0	0	0	0	0	0	0	0	0	0	0	0	0	0	0	0	0	0	0	0	0
Caulobacteraceae	2	0	0	0	0	0	0	0	0	0	0	0	0	0	0	0	0	0	0	0	0	0	0	0	0	0	0	0	0	0	0	0	0	0	0	0	0	0	0	0	0	0	0	0	0	0	0	0	0	0	0	0	0	0	0	0	0	0	0	0	0	0	0	0	0	0	0	0	0	0	0	0	0	0	0	0	0	0	0	0	0	0	0	0	0	0	0	0	0	0	0	0	0	0	0	0	0	0	0	0	0	0	0	0	0	0	0	0	0	0	0	0	0	0	0	0	0	0	0	0	0	0	0	0
Leuconostocaceae	0	0	0	0	0	0	0	0	0	0	0	0	0	0	0	0	0	0	0	0	0	0	0	0	0	0	0	0	0	0	0	0	0	0	0	0	0	0	0	0	0	0	0	0	0	0	0	0	0	0	0	0	0	0	0	0	0	0	0	0	0	0	0	0	0	0	0	0	0	0	0	0	0	0	0	0	0	0	0	0	0	0	0	0	0	0	0	0	0	0	0	0	0	0	0	0	0	0	0	0	0	2	0	0	0	0	0	0	0	0	0	0	0	0	0	0	0	0	0	0	0	0	0	0
Rubrobacteraceae	0	0	0	0	0	0	0	0	0	0	0	0	0	0	0	0	0	0	0	0	0	0	0	0	0	0	0	0	0	0	0	0	0	0	0	0	0	0	0	0	0	0	0	0	2	0	0	0	0	0	0	0	0	0	0	0	0	0	0	0	0	0	0	0	0	0	0	0	0	0	0	0	0	0	0	0	0	0	0	0	0	0	0	0	0	0	0	0	0	0	0	0	0	0	0	0	0	0	0	0	0	0	0	0	0	0	0	0	0	0	0	0	0	0	0	0	0	0	0	0	0	0	0	0
Cellulomonadaceae	0	0	0	0	0	0	0	0	0	0	0	0	0	0	0	0	0	0	0	0	0	0	0	0	0	0	0	0	0	0	0	0	0	0	0	0	0	0	0	0	0	0	0	0	0	0	0	0	0	0	0	0	0	0	0	0	0	0	0	0	0	0	0	0	0	0	0	0	0	0	0	0	0	0	0	0	0	0	0	0	0	0	0	0	0	0	0	0	0	0	0	0	0	0	0	0	0	0	0	0	0	0	0	0	0	0	0	0	0	0	0	0	0	0	0	0	0	0	0	0	0	0	0	2
Promicromonosporaceae	0	0	0	0	0	0	0	0	0	0	0	0	0	0	0	0	0	0	0	0	2	0	0	0	0	0	0	0	0	0	0	0	0	0	0	0	0	0	0	0	0	0	0	0	0	0	0	0	0	0	0	0	0	0	0	0	0	0	0	0	0	0	0	0	0	0	0	0	0	0	0	0	0	0	0	0	0	0	0	0	0	0	0	0	0	0	0	0	0	0	0	0	0	0	0	0	0	0	0	0	0	0	0	0	0	0	0	0	0	0	0	0	0	0	0	0	0	0	0	0	0	0	0	0
Intrasporangiaceae	0	0	0	0	0	0	0	0	0	0	0	0	0	0	0	0	0	0	0	0	0	0	0	0	0	0	0	0	0	0	0	0	0	0	0	0	0	0	0	0	0	0	0	0	0	0	0	0	0	0	0	0	0	0	0	0	0	0	0	0	0	0	0	0	0	0	0	0	0	0	0	0	0	0	0	0	0	0	0	0	0	0	0	0	0	0	0	0	0	0	0	0	0	0	0	0	2	0	0	0	2	0	0	0	0	0	0	0	0	0	0	0	0	0	0	0	0	0	0	0	0	0	0	0
Microbacteriaceae	2	0	0	0	0	0	0	0	0	0	0	0	0	0	0	0	0	0	0	0	0	0	0	0	0	0	0	0	0	0	0	0	0	0	0	0	0	0	0	0	0	0	0	0	0	2	0	0	0	0	0	0	0	0	0	0	0	0	0	0	0	0	0	0	0	0	0	0	0	0	0	0	0	0	0	0	0	0	0	0	0	0	0	0	2	0	0	0	0	0	0	0	0	0	0	0	2	0	2	0	0	0	0	0	0	0	0	0	0	0	0	0	0	0	0	2	0	0	0	0	0	0	0	2
Nocardiaceae	2	0	0	0	0	0	0	0	0	0	0	0	0	0	0	0	0	0	0	0	0	0	0	0	0	0	0	0	0	0	0	0	0	0	0	0	0	0	0	0	0	0	0	0	0	0	0	0	0	0	0	0	0	0	0	0	0	0	0	0	0	0	0	0	0	0	0	0	0	0	0	0	0	0	0	0	0	0	0	0	0	0	0	0	0	0	0	0	0	0	0	0	0	0	0	0	0	0	0	0	0	0	0	0	0	0	0	0	0	0	0	0	0	0	0	0	0	0	0	0	0	0	0	0
Gordoniaceae	2	0	0	0	0	0	0	0	0	0	0	0	0	0	0	0	0	0	0	0	0	0	0	0	0	0	0	0	0	0	0	0	0	0	0	0	0	0	0	0	0	0	0	0	0	0	0	0	0	0	0	0	0	0	0	0	0	0	0	0	0	0	0	0	0	0	0	0	0	0	0	0	0	0	0	0	0	0	0	0	0	0	0	0	0	0	0	0	0	0	0	0	0	0	0	0	0	0	0	0	0	0	0	0	0	0	0	0	0	0	0	0	0	0	0	0	0	0	0	0	0	0	0	2
Rarobacteraceae	2	0	0	0	0	0	0	0	0	0	0	0	0	0	0	0	0	0	0	0	0	0	0	0	0	0	0	0	0	2	0	0	0	0	0	0	0	0	0	0	0	0	0	0	0	0	0	0	0	0	0	0	0	0	0	0	0	0	0	0	0	0	0	0	0	0	0	0	0	0	0	0	0	0	0	0	0	0	0	0	0	0	0	0	0	0	0	0	0	0	0	0	0	0	0	0	0	0	0	0	0	0	0	0	0	0	0	0	0	0	0	0	0	0	0	0	0	0	0	0	0	0	0	0
Peptococcaceae	0	0	0	0	0	0	0	0	0	0	0	0	0	0	0	0	0	0	0	0	2	0	0	0	0	0	0	0	0	0	0	0	0	0	0	0	0	0	0	0	0	0	0	0	0	0	0	2	0	0	0	0	0	0	0	0	0	0	0	0	0	0	0	0	0	0	0	0	0	0	0	0	0	0	0	0	0	0	0	0	0	0	0	2	0	0	0	0	0	0	0	0	0	0	0	0	0	0	0	0	0	0	0	0	0	0	0	0	0	0	0	0	0	0	0	0	0	0	0	0	0	0	0	0
Desulfomicrobiaceae	0	0	0	0	0	0	0	0	0	0	0	0	0	0	0	0	0	0	0	0	0	0	0	0	0	0	0	0	0	0	0	0	0	0	0	0	0	0	0	0	0	0	0	0	0	0	0	0	0	0	0	0	0	0	0	0	0	0	0	0	0	0	0	0	0	0	0	0	0	0	0	0	0	0	0	0	0	0	0	0	0	0	0	0	0	0	0	0	0	0	0	0	2	0	0	0	0	0	0	0	0	0	0	0	0	0	0	0	0	0	0	0	0	0	0	0	0	0	0	0	0	0	0	0
Celerinatantimonadaceae	0	0	0	0	0	0	0	0	0	0	0	0	0	0	0	0	0	0	0	0	0	0	0	0	0	0	0	0	0	0	0	0	0	0	0	0	0	0	0	0	0	0	0	0	0	0	0	0	0	0	0	0	0	0	0	0	0	0	0	0	0	0	0	0	0	0	0	0	0	0	0	0	0	0	0	0	0	0	0	0	0	0	0	0	0	0	0	0	0	0	0	0	0	0	0	0	0	0	0	2	0	0	0	0	0	0	0	0	0	0	0	0	0	0	0	0	0	0	0	0	0	0	0	0
Synergistaceae	2	0	0	0	0	0	0	0	0	0	0	0	0	0	0	0	0	0	0	0	0	0	0	0	0	0	0	0	0	0	0	0	0	0	0	0	0	0	0	0	0	0	0	0	0	0	0	0	0	0	0	0	0	0	0	0	0	0	0	0	0	0	0	0	0	0	0	0	0	0	0	0	0	0	0	0	0	0	0	0	0	0	0	0	0	0	0	0	0	2	0	0	0	0	0	0	0	0	0	0	0	0	0	0	0	0	0	0	0	0	0	0	0	0	0	0	0	0	0	0	0	0	0	0
Dietziaceae	2	0	0	0	0	0	0	0	0	0	0	0	0	0	0	0	0	0	0	0	2	0	0	0	0	0	0	0	0	3	0	0	0	0	0	0	0	0	0	2	2	0	0	0	0	0	0	2	0	0	0	0	0	0	0	0	0	0	0	0	0	0	0	0	0	2	0	0	0	0	0	0	2	2	0	2	0	2	0	0	0	0	0	2	0	0	0	0	0	0	0	0	0	0	0	0	0	2	0	0	0	0	0	0	0	0	0	2	0	2	0	0	0	2	0	0	0	0	0	0	0	0	0	0
Brevibacteriaceae	3	0	0	0	0	0	0	0	0	0	0	0	0	0	0	0	0	0	0	0	0	0	0	0	0	0	0	0	0	0	0	0	0	0	0	0	0	0	0	0	0	0	0	0	0	0	0	0	0	0	0	0	0	0	0	0	0	0	0	0	0	0	0	0	0	0	0	0	0	0	0	0	0	0	0	2	2	0	0	0	0	2	0	2	0	2	0	0	0	0	0	0	0	0	0	0	0	0	0	0	0	0	0	0	0	0	0	0	0	0	0	0	0	0	0	0	0	0	0	0	0	0	0	0
Dermacoccaceae	3	0	0	0	0	0	0	0	0	0	2	0	0	0	0	0	0	0	0	0	0	0	0	0	2	0	0	0	0	0	0	0	2	0	0	0	0	0	0	0	0	2	0	2	0	0	0	0	0	0	0	0	0	0	0	2	0	2	0	0	0	0	0	0	0	0	0	0	0	0	2	0	0	0	0	0	0	0	0	0	0	0	0	0	2	0	3	0	0	0	0	0	0	0	0	0	0	0	0	0	0	0	0	3	2	2	0	0	0	0	0	0	0	0	0	0	0	0	0	0	2	0	0	0
Actinomycetaceae	10	0	0	0	0	0	0	0	0	0	0	0	0	2	0	0	0	0	0	0	2	0	0	0	0	0	0	0	0	2	0	0	0	0	0	0	0	0	0	3	0	0	2	2	2	0	0	2	0	0	2	0	0	0	0	2	0	0	2	0	0	0	0	0	0	0	2	0	0	0	0	0	3	0	0	2	0	0	2	2	0	0	0	2	0	2	2	0	0	3	2	0	0	3	2	0	2	0	0	2	2	0	0	0	4	0	2	2	2	0	2	2	0	0	0	0	2	2	0	0	0	0	0	2
Bacillaceae	2	0	0	0	0	0	0	2	3	2	2	0	0	0	0	0	0	2	0	0	3	0	2	3	2	0	0	2	0	2	0	0	2	0	6	0	0	0	2	2	2	2	0	2	0	3	2	0	2	2	3	2	0	2	2	19	2	0	3	2	2	3	0	0	2	0	0	0	0	2	2	0	0	0	2	0	2	0	2	2	3	2	0	2	0	2	0	0	0	2	2	0	0	0	2	0	2	3	4	2	0	0	0	2	2	0	2	0	4	0	3	0	0	3	0	0	0	0	2	0	2	0	2	2
Aerococcaceae	0	0	0	0	0	0	0	0	0	0	0	0	0	0	0	0	0	0	0	0	0	0	0	2	0	0	0	2	0	2	0	0	0	0	0	0	0	0	2	2	2	2	0	0	13	0	0	0	2	0	0	0	0	0	0	7	0	0	0	0	0	0	0	0	0	0	0	0	0	0	2	2	0	0	0	0	0	0	0	0	3	0	0	0	0	2	2	2	2	0	2	0	0	2	3	0	0	2	0	3	0	0	0	2	0	0	0	0	2	0	0	0	0	0	0	0	2	0	2	0	0	0	0	2
Alcaligenaceae	0	0	0	0	0	0	0	0	0	0	0	0	0	0	0	0	0	0	0	0	10	0	0	0	0	0	0	0	0	0	0	0	0	0	0	0	0	0	0	0	0	0	0	0	0	0	0	0	0	0	2	0	0	0	0	0	2	0	0	0	0	0	0	4	0	2	0	0	0	3	5	0	0	0	0	0	0	0	0	0	0	0	0	2	0	2	2	0	2	0	0	0	0	0	0	0	0	0	0	0	0	0	2	0	0	0	2	0	0	2	0	2	0	0	0	0	0	0	0	0	0	0	0	2
Acholeplasmataceae	0	0	0	0	0	0	0	0	0	0	0	0	0	0	0	0	0	0	2	0	0	0	0	0	0	0	0	0	0	0	0	0	0	0	0	0	0	0	0	0	0	0	0	0	0	0	0	0	0	0	0	0	0	0	0	0	0	0	0	0	0	0	0	0	0	0	0	0	0	0	0	0	0	0	0	0	0	0	0	0	0	0	0	0	0	0	0	0	0	0	0	0	0	0	0	0	0	0	0	0	0	0	0	0	0	0	0	0	0	4	0	0	0	0	0	0	0	0	0	0	0	0	0	0
Nocardioidaceae	3	0	0	0	0	0	0	0	0	0	0	0	0	0	0	0	0	0	0	0	0	0	0	0	0	0	0	0	0	0	0	0	0	0	0	0	0	0	0	0	0	0	0	0	0	0	0	0	0	0	0	0	0	0	0	0	0	0	0	0	0	0	0	0	0	0	0	0	0	0	0	0	0	0	0	0	0	0	0	0	0	0	0	0	0	0	0	0	0	0	0	0	0	0	0	0	0	0	0	0	0	0	0	0	0	0	0	0	0	0	0	0	0	0	0	0	0	0	0	0	0	0	0	0
Burkholderiaceae	4	0	0	0	0	0	0	0	0	0	0	0	0	0	0	0	0	0	0	0	0	0	0	0	0	0	0	0	0	0	0	0	0	0	0	0	0	0	0	0	0	0	0	0	0	0	0	0	0	0	0	0	0	0	0	0	0	0	0	0	0	0	0	0	0	0	0	0	0	0	0	0	0	0	0	0	0	0	0	0	0	0	0	0	0	0	2	0	0	0	0	0	0	0	0	0	0	0	0	0	0	0	0	0	0	0	0	0	0	0	0	0	0	0	0	0	0	0	0	0	0	0	0	0
Pseudomonadaceae	6	0	0	0	0	0	0	0	0	0	0	0	0	0	0	0	2	0	0	0	3	0	0	0	0	0	0	0	0	0	0	0	0	0	0	0	0	0	0	0	0	0	0	0	0	0	0	0	0	0	0	0	0	0	0	0	0	0	0	0	0	0	0	0	0	0	0	0	0	0	0	0	0	0	0	0	0	0	0	0	0	0	0	0	0	0	0	0	0	0	0	0	0	0	0	0	2	0	0	0	0	0	0	0	0	0	0	0	0	0	0	0	0	0	0	0	0	0	0	0	0	0	0	2
Campylobacteraceae	15	0	0	0	0	0	0	0	0	0	2	2	0	0	2	2	2	0	2	8	7	2	3	0	0	2	0	0	0	0	0	0	0	0	2	0	0	0	0	0	0	2	2	2	0	4	2	0	0	0	0	0	0	2	0	3	0	0	0	0	3	0	0	0	0	0	0	0	0	0	0	0	7	2	0	0	0	2	11	2	0	0	0	0	0	2	0	0	0	7	0	0	0	6	0	0	2	0	2	4	0	2	0	0	2	0	0	0	0	2	0	0	0	0	0	0	0	2	0	2	0	0	2	0
Clostridiaceae	3	19	2	2	2	8	0	2	3	5	0	0	6	2	2	3	2	0	3	2	2	0	3	8	3	4	3	3	2	2	5	3	2	3	4	2	3	4	2	4	4	3	4	5	2	3	5	6	2	0	4	3	2	4	2	2	12	3	8	2	8	3	0	0	8	2	2	2	2	2	3	0	2	2	0	20	2	2	5	2	5	2	3	2	2	6	2	3	2	4	2	0	2	9	3	2	2	2	2	2	0	4	2	14	3	3	5	2	2	4	2	2	2	2	2	2	5	2	10	3	2	2	2	2
Mycobacteriaceae	10	0	0	0	0	0	0	0	0	0	0	0	0	0	0	0	0	0	0	0	0	2	0	0	0	0	0	0	0	0	0	0	0	0	0	0	0	0	0	0	0	0	0	0	0	0	0	0	0	0	0	0	0	0	0	0	0	0	0	0	0	0	0	0	0	0	0	0	0	0	0	0	3	0	0	0	2	0	0	0	0	0	0	0	0	0	0	0	0	0	0	0	2	0	0	0	0	0	0	0	0	0	0	0	0	0	0	0	0	0	0	0	0	0	0	0	0	0	0	0	0	0	0	0
Micrococcaceae	10	0	0	0	0	0	0	0	0	0	0	0	0	0	0	0	0	0	0	0	0	0	0	0	0	0	0	0	0	0	0	0	0	0	0	0	0	0	0	0	0	0	0	0	0	0	0	0	0	0	0	0	0	0	0	0	0	0	0	0	0	0	0	0	0	0	0	0	0	0	0	0	0	0	0	0	0	2	0	0	0	0	0	0	0	0	0	0	0	0	0	0	0	0	0	0	0	0	0	2	0	0	0	0	0	0	0	2	0	0	0	0	0	0	0	0	0	0	0	0	0	0	0	0
Sphingobacteriaceae	0	0	0	0	0	0	0	2	0	2	0	0	0	0	0	0	0	0	0	0	0	0	2	0	2	2	0	0	0	0	0	0	0	0	0	0	0	2	0	0	2	0	0	0	0	0	0	0	0	0	0	0	0	0	0	0	3	0	0	0	0	0	0	0	0	0	0	0	0	0	0	0	2	2	0	0	0	0	0	2	0	0	0	0	0	0	0	0	0	0	2	0	0	30	0	0	0	0	0	0	0	0	0	0	0	0	0	0	0	0	3	0	0	0	0	0	0	0	0	0	0	0	0	2
Peptostreptococcaceae	2	3	3	5	29	10	9	10	9	4	4	4	6	8	5	2	3	3	3	0	2	2	3	5	3	4	3	2	0	0	0	0	0	2	0	2	0	3	2	3	2	2	2	18	4	8	5	4	4	3	4	0	0	2	2	9	2	0	8	2	2	2	3	0	0	0	0	2	4	3	5	11	6	2	6	2	3	11	2	2	5	8	2	2	2	2	0	2	2	4	2	4	3	0	4	2	2	2	4	2	7	4	2	0	3	0	4	5	5	2	2	0	0	2	2	0	0	2	0	2	2	2	2	2
Streptococcaceae	4	0	2	6	0	2	2	15	2	11	2	4	3	5	2	4	0	3	2	3	2	2	3	5	2	2	3	2	3	3	3	2	3	2	0	0	0	6	4	21	4	4	3	2	2	4	2	2	8	6	2	2	2	2	2	7	3	3	18	5	11	5	2	2	2	2	3	0	0	2	3	0	2	0	4	6	2	3	2	4	2	2	2	4	2	9	3	0	6	5	4	3	4	3	4	2	2	4	4	8	3	2	2	4	3	2	2	3	4	4	3	12	8	11	4	4	2	2	0	2	2	19	6	5
Pasteurellaceae	0	3	0	3	0	0	0	2	2	2	0	2	0	2	0	2	0	3	0	0	2	0	0	0	0	2	0	2	23	14	2	0	2	0	0	0	0	0	3	2	0	0	0	2	0	10	2	0	4	23	0	0	0	0	0	4	0	0	4	2	0	14	0	2	0	0	0	0	0	0	0	0	0	0	0	0	2	0	0	0	2	0	2	0	0	0	0	0	0	0	3	0	0	2	0	0	0	2	14	2	3	2	0	4	2	2	0	0	13	0	0	0	12	2	0	0	0	0	0	0	2	2	2	2
Comamonadaceae	2	0	0	0	0	0	0	0	0	0	0	0	0	0	0	0	0	0	0	0	10	0	0	0	0	0	0	0	0	0	0	0	0	0	0	0	0	0	0	0	0	0	0	0	0	0	0	0	0	0	0	0	0	0	0	0	0	0	0	0	2	0	0	0	0	0	0	0	0	0	0	0	0	0	0	0	0	0	0	0	0	0	0	0	0	0	0	0	0	0	0	0	0	0	0	0	0	0	0	0	0	0	0	0	0	0	0	0	0	0	0	0	0	0	0	0	0	0	0	0	0	0	0	0
Veillonellaceae	153	0	0	2	0	0	0	0	2	2	3	2	0	4	4	2	2	2	3	4	5	2	3	0	0	0	3	0	9	18	4	0	2	0	2	0	2	0	0	4	2	2	2	2	2	5	0	2	3	8	2	0	0	2	2	4	2	2	2	0	2	2	2	0	2	2	11	2	0	0	0	0	3	4	0	2	0	2	6	2	2	0	2	3	2	3	2	0	2	8	3	0	0	12	2	0	6	4	3	7	2	2	0	4	2	0	0	2	0	2	2	0	2	2	2	2	0	4	0	2	2	0	0	2
Rikenellaceae	0	2	2	0	0	0	0	0	0	0	0	0	0	0	2	2	3	0	4	3	2	4	2	3	5	4	3	4	2	3	6	5	4	6	10	4	3	13	6	3	9	4	9	3	9	3	8	4	8	2	3	3	4	10	5	4	2	9	6	5	11	7	3	4	0	4	5	6	4	3	6	7	66	3	3	41	5	2	5	8	3	2	5	3	9	2	8	4	7	4	2	6	6	3	2	5	4	4	7	4	3	2	3	3	10	3	4	4	5	4	4	3	4	0	2	4	13	4	4	4	6	2	3	4
Coriobacteriaceae	6	0	0	0	0	2	2	0	0	0	2	0	0	0	0	0	0	0	0	0	5	2	0	3	5	4	3	4	0	0	2	2	2	2	2	2	2	4	2	25	7	5	2	2	3	3	6	17	3	5	2	2	5	4	6	3	0	2	3	2	4	4	3	2	2	3	2	2	15	3	7	4	16	3	0	8	14	15	13	2	2	5	3	13	3	10	5	6	3	5	2	4	11	16	14	17	2	7	7	11	2	80	3	2	12	9	6	5	8	15	2	5	3	2	2	6	12	16	3	5	2	4	8	4
Amoebophilaceae	7	0	0	0	0	0	0	0	0	0	0	0	0	0	0	0	0	0	0	0	0	0	0	0	0	0	0	0	0	0	0	0	0	0	0	0	0	0	0	0	0	0	0	0	0	0	0	0	0	0	0	0	0	0	0	0	0	0	0	0	0	0	0	0	0	0	0	0	0	0	0	0	0	0	0	0	0	0	0	0	0	0	0	0	0	0	0	0	0	0	0	0	0	0	0	0	0	0	0	0	0	0	0	0	0	0	0	0	0	0	0	0	0	0	0	0	0	0	0	0	0	0	0	0
Chlorobiaceae	0	0	0	0	0	0	0	0	2	0	0	0	0	0	0	0	0	0	0	0	0	0	0	0	0	0	0	0	0	0	0	0	0	0	0	0	0	0	0	0	0	0	0	0	0	0	2	0	0	0	0	0	0	0	2	0	18	0	0	0	0	0	0	0	0	0	0	0	0	0	0	0	0	0	0	0	0	0	0	0	0	0	0	0	0	0	0	0	0	0	0	0	0	0	0	0	0	0	0	0	0	0	14	0	0	0	0	0	0	0	0	0	0	0	0	0	0	0	0	0	0	0	0	0
Clostridiales Family XI. Incertae Sedis	335	0	0	0	0	2	2	0	0	2	2	2	0	2	4	2	4	0	2	5	22	2	2	2	0	0	3	0	0	2	0	0	0	0	4	2	2	3	0	2	0	2	2	2	2	5	0	4	3	0	2	0	0	2	2	3	0	0	0	0	2	0	0	0	0	0	0	0	0	2	0	0	6	2	0	5	2	4	6	2	0	2	0	3	2	8	2	2	0	17	2	0	2	14	2	0	3	2	3	9	2	6	2	0	4	2	0	0	0	2	2	2	0	2	2	2	3	14	0	4	0	0	3	2
Fusobacteriaceae	14	0	0	0	0	0	0	0	0	0	0	0	0	0	14	5	3	0	3	9	134	2	3	4	0	0	3	0	2	2	4	0	0	0	3	0	0	0	0	2	0	6	2	2	3	2	0	7	0	0	0	0	0	0	0	0	0	0	0	0	2	0	7	0	0	0	0	0	0	0	0	0	18	0	0	5	0	6	11	2	0	0	0	2	0	4	0	2	0	23	0	0	0	13	0	0	15	0	0	7	2	2	0	0	6	0	0	0	0	2	0	0	0	0	6	0	2	2	0	0	0	0	0	0
Enterococcaceae	18	0	0	0	0	0	0	0	0	0	0	0	0	0	0	0	0	0	0	0	0	0	0	0	0	0	0	0	0	0	0	0	0	0	0	0	0	0	0	0	0	0	0	0	0	0	0	0	0	0	0	0	0	0	0	0	0	0	0	0	0	0	0	0	0	0	0	0	0	0	0	0	0	0	0	0	0	0	0	2	0	0	0	0	0	0	0	0	0	0	0	0	0	0	0	0	0	0	0	0	0	0	0	0	0	0	0	0	0	0	0	0	0	0	0	0	0	0	0	0	0	0	0	0
Sphingomonadaceae	11	0	0	0	0	0	0	0	0	0	0	0	0	0	0	0	0	0	0	0	0	0	0	0	0	0	0	0	0	0	0	0	0	0	0	0	0	0	0	0	0	0	0	0	0	0	0	0	0	0	0	0	0	0	0	0	0	0	0	0	0	0	0	0	0	0	0	0	0	0	0	0	0	0	0	0	0	0	0	0	0	0	0	0	0	0	0	0	0	0	0	0	0	0	0	0	0	0	0	0	0	0	0	0	0	0	0	0	0	0	0	0	0	0	0	0	0	0	0	0	0	0	0	0
Porphyromonadaceae	3	0	2	0	0	0	0	0	2	2	6	2	4	3	6	3	8	0	7	6	29	45	3	2	3	2	4	2	0	0	2	0	0	0	18	2	5	27	2	6	2	7	21	2	30	14	3	201	2	0	0	0	0	7	2	2	0	0	0	0	10	0	3	0	3	2	2	0	0	0	3	0	241	5	0	155	0	4	10	9	0	2	0	2	2	5	2	3	2	34	5	2	12	11	5	11	12	2	5	13	2	2	2	2	77	2	0	0	2	7	0	2	0	2	2	21	12	8	2	5	0	0	8	3
Chromatiaceae	19	0	0	0	2	2	76	2	0	2	6	3	2	2	2	2	0	0	7	5	39	143	2	9	16	4	0	2	0	0	2	0	2	0	36	2	0	66	0	2	2	4	12	0	6	3	0	136	2	2	0	0	0	8	2	0	0	0	0	0	10	0	4	0	0	0	0	0	0	0	0	2	280	0	0	231	0	5	3	3	2	0	0	3	0	7	2	6	0	2	0	0	62	0	21	39	2	4	4	0	0	3	2	2	52	2	0	0	5	21	0	0	0	0	0	9	4	0	0	0	0	0	15	0
Desulfovibrionaceae	30	2	20	7	55	65	21	7	50	4	70	3	22	4	4	2	3	5	3	41	5	97	22	28	42	7	8	44	0	37	28	3	0	73	21	2	32	47	0	2	50	3	37	2	2	42	8	41	29	12	2	16	3	4	3	15	3	4	2	53	49	2	5	0	3	0	19	2	24	29	0	4	8	3	0	11	0	0	28	2	26	2	24	5	41	79	120	3	45	9	2	2	6	174	5	7	2	2	76	2	2	5	2	20	6	3	5	2	5	2	0	2	83	54	52	24	193	2	6	5	2	2	2	2
Ectothiorhodospiraceae	56	0	0	0	0	0	0	0	0	0	0	0	0	0	0	0	0	0	0	0	0	0	0	53	0	0	0	0	0	0	0	0	0	0	0	0	0	0	0	4	2	0	15	0	0	0	0	0	0	0	0	0	0	0	0	0	0	0	0	0	0	0	0	0	0	0	0	0	0	0	0	0	0	0	0	0	0	0	0	0	0	0	0	0	0	0	0	0	0	0	0	0	0	0	0	0	0	0	0	0	0	0	0	0	0	0	0	0	0	0	0	0	0	0	0	0	0	0	0	0	0	0	0	0
Prevotellaceae	1139	4	0	2	2	0	2	0	0	5	26	4	0	7	31	17	26	3	34	35	237	25	22	6	2	3	28	4	2	3	2	0	3	0	9	3	7	8	0	4	2	16	15	4	7	62	8	7	3	0	2	2	3	5	2	7	0	0	2	0	2	6	2	0	2	5	2	0	0	2	9	0	109	6	2	40	2	18	93	11	2	5	2	6	3	24	5	7	0	369	3	2	4	200	2	4	54	3	8	62	7	8	67	2	16	10	0	0	2	5	2	3	2	2	15	3	2	31	2	24	2	0	9	2
Erysipelotrichaceae	7	4	7	8	6	8	6	4	7	2	3	4	2	6	4	7	9	12	11	16	23	8	12	28	12	9	14	10	13	43	28	14	30	18	9	24	49	46	22	188	51	60	27	25	41	29	19	32	27	40	24	34	10	50	50	30	48	13	27	18	25	25	15	31	42	43	35	36	39	62	50	84	31	50	27	47	35	26	49	50	22	27	73	76	46	36	46	42	61	54	51	36	26	15	26	27	33	52	76	89	24	45	23	94	47	15	41	51	51	44	40	32	33	51	39	26	30	48	36	45	15	30	34	40
Staphylococcaceae	278	0	0	0	0	0	0	0	0	0	0	0	0	0	0	0	0	0	0	0	0	0	0	0	0	0	0	0	0	0	0	0	0	0	0	0	0	0	0	0	0	0	0	0	0	0	0	0	0	0	0	0	0	0	0	0	0	0	0	0	0	0	0	0	0	0	0	0	0	0	0	0	0	0	0	0	0	0	0	0	0	2	0	0	0	0	0	0	0	0	0	0	0	0	2	0	0	0	0	0	2	0	0	0	0	0	0	0	2	2	2	0	2	0	0	0	0	0	0	0	0	0	0	0
Corynebacteriaceae	996	2	0	0	0	0	0	0	0	0	0	0	0	0	0	0	0	0	0	2	0	2	0	0	0	0	0	0	0	0	0	0	0	0	0	0	0	0	0	0	0	0	0	0	0	2	0	0	3	0	0	0	0	0	0	2	0	0	0	0	0	0	0	0	0	0	0	0	0	0	0	0	0	2	0	0	4	0	0	0	0	2	2	4	0	5	0	0	0	2	0	0	0	2	3	0	0	2	3	2	0	2	2	0	0	0	0	3	0	4	2	0	0	2	0	0	3	0	0	0	0	0	0	4
Lactobacillaceae	696	0	0	2	0	2	0	2	0	0	0	0	0	0	0	0	0	0	0	0	0	0	0	0	0	0	0	0	0	2	0	0	0	0	0	0	0	0	0	2	0	0	0	0	0	0	0	0	0	0	0	0	0	0	0	42	0	0	2	0	2	0	0	0	0	0	0	0	0	0	0	0	0	0	0	0	0	0	0	0	0	0	0	0	0	2	0	0	0	0	0	0	0	0	0	0	0	0	0	2	2	0	0	0	0	0	0	0	0	2	2	2	0	0	0	0	0	0	0	0	0	2	0	2
Nitrosomonadaceae	0	0	0	0	0	0	0	0	0	0	0	0	0	0	0	0	0	0	0	0	142	0	0	0	0	0	0	0	61	32	59	92	5	267	0	56	32	2	218	0	11	5	10	65	153	7	148	6	20	22	3	130	3	12	19	327	68	16	33	10	7	20	5	184	5	331	578	25	320	282	162	2	0	195	2	31	301	6	2	32	340	21	2	6	154	5	3	0	8	0	12	29	179	143	2	7	2	82	0	386	36	154	58	138	2	6	25	27	282	3	22	87	3	132	7	2	0	20	189	6	2	11	222	26
Enterobacteriaceae	135	516	196	205	452	90	181	102	35	241	19	27	48	186	133	19	409	31	77	120	160	127	69	455	32	125	4	72	14	45	172	1068	141	583	1258	332	302	512	79	161	225	33	60	8	16	6	30	361	5	36	0	0	0	2	2	3	0	3	0	0	21	2	84	2	2	37	14	10	6	71	0	3	145	2	2	172	2	300	4	3	2	20	0	5	0	7	0	4	0	6	0	0	133	11	18	13	11	8	4	0	0	6	2	0	30	0	0	2	0	4	0	0	0	0	2	11	24	22	0	3	0	0	6	0
Eubacteriaceae	56	69	60	104	174	75	109	33	174	75	82	80	104	167	41	117	61	54	93	57	134	37	154	87	81	58	77	41	53	74	78	56	168	81	254	203	138	218	365	245	165	188	104	316	312	52	82	91	299	77	97	65	91	86	135	229	110	152	147	77	80	121	77	90	285	109	148	251	191	160	210	201	110	215	72	138	238	133	200	128	264	211	252	262	186	142	286	95	192	238	143	188	156	148	219	97	119	93	95	47	119	153	143	131	95	152	93	144	94	226	53	62	44	135	262	79	189	178	113	219	323	120	131	121
Oxalobacteraceae	2	0	0	0	0	0	0	0	0	0	0	0	0	0	0	0	0	0	0	0	34	0	0	0	0	0	0	0	19	304	18	37	574	577	89	58	169	220	183	53	401	555	444	1180	296	637	73	73	323	625	689	215	367	601	320	381	177	288	971	257	267	220	125	46	884	223	46	664	112	29	258	489	200	265	261	290	30	164	214	404	111	514	180	76	59	135	237	83	139	70	189	628	11	92	157	649	90	123	186	16	306	32	201	26	82	158	262	319	63	385	788	173	262	50	138	89	8	91	99	295	238	956	351	253
Unclassified	116	791	640	420	509	216	443	605	324	615	272	342	506	612	329	351	289	426	844	510	282	415	287	573	383	514	528	320	1146	838	711	1223	643	438	312	307	359	788	284	313	508	482	229	326	426	228	674	319	298	235	420	267	421	499	540	111	467	537	205	344	435	430	399	208	223	539	256	300	495	208	355	678	613	710	232	391	457	400	230	546	589	319	242	445	374	332	395	614	349	397	410	488	546	197	347	713	386	272	229	658	462	486	376	251	528	490	811	776	726	831	359	660	103	331	211	530	739	502	658	376	254	300	1071	522
Ruminococcaceae	33	44	11	59	82	59	31	153	492	323	248	482	201	393	312	407	344	208	377	146	508	74	238	229	501	262	284	211	714	934	1019	923	837	390	696	517	749	453	707	1139	622	611	242	321	411	387	519	460	782	860	432	725	395	281	557	875	628	306	473	419	556	920	415	436	483	362	399	614	561	903	747	300	207	622	651	494	902	993	747	649	939	363	601	781	378	776	359	812	807	484	654	636	635	690	581	676	803	624	1065	827	986	768	610	1034	585	572	783	693	548	638	1263	748	731	1196	685	458	323	424	698	831	442	434	659	1108
Verrucomicrobiaceae	90	41	2695	2871	1713	2241	3991	2658	583	513	1229	433	1709	1252	1396	1146	1069	3077	683	1302	0	2484	902	1087	1406	1632	1722	1402	207	234	31	3	2	3	2	0	3	2	0	2	147	160	1939	76	929	226	1811	969	169	6	195	111	943	1053	311	10	95	1576	117	506	346	190	1512	32	0	77	153	205	872	23	60	443	786	518	5	1635	7	2	3	57	100	400	565	759	1221	124	985	294	45	745	256	154	255	202	1021	540	703	453	122	137	155	781	419	17	1486	452	631	1047	1389	242	10	72	5	30	780	2758	1934	329	517	603	125	11	70	385
Bacteroidaceae	817	4227	1753	1972	1740	1251	1481	2281	3270	3335	2647	2762	2534	3041	2884	2383	2907	1818	3323	2881	2803	2505	3856	2352	3147	3149	2876	2837	2830	2263	2184	2398	1853	2057	2838	2609	2730	3050	2672	1462	2565	2152	2516	1758	2152	3307	2256	2101	3278	2892	2702	2007	1791	2016	2079	1373	2619	1945	2766	2390	3385	2850	2770	3449	2947	2827	3550	3259	1835	2617	2938	2953	2425	2231	2862	1701	2027	2072	2740	3408	2446	3202	2811	1467	2859	2402	2871	2055	2535	2257	2118	2871	2521	1600	1548	1959	2162	1568	1790	2293	1914	917	2132	2466	1578	2237	1786	1664	2125	2060	2369	2999	2262	1988	1368	1662	1765	2742	2741	1660	2427	3090	3163	2419
Lachnospiraceae	2367	1719	2054	1778	2677	3414	1090	1568	2489	2302	2824	3292	2296	1753	2272	2974	2303	1801	1966	2295	2850	1471	1860	2509	1803	1662	1879	2485	2349	2592	3091	1617	3177	2944	1876	3320	2857	1976	2892	3804	2668	3145	1756	3326	2633	2401	1787	2605	2177	2594	2859	3860	3406	2801	3409	3985	3190	2587	2654	3353	2214	2626	2015	2954	2555	2878	2222	2064	2963	3046	2623	2264	2168	2602	3315	2027	3412	3278	3067	2124	2583	2340	2675	3519	2102	3325	2112	3411	3241	2706	3586	2396	2876	3858	3464	2678	3036	4141	3740	2861	3409	3992	3387	3234	2821	3334	2985	2698	2114	2942	2519	2582	3890	3458	3869	1759	2184	3009	2365	3353	3602	2458	1686	2532
